[--------------------------Start of Memory Dump--------------------------]
------------------------Sector 0-------------------------
Block 0  8E 02 6F 66 85 08 04 00 62 63 64 65 66 67 68 69  ?.of?...bcdefghi
Block 1  00 00 00 00 00 00 00 00 00 00 00 00 00 00 00 00  ................
Block 2  00 00 00 00 00 00 00 00 00 00 00 00 00 00 00 00  ................
Block 3  00 00 00 00 00 00 FF 07 80 69 FF FF FF FF FF FF  ......ÿ.?iÿÿÿÿÿÿ
------------------------Sector 1-------------------------
Block 4  00 00 00 00 00 00 00 00 00 00 00 00 00 00 00 00  ................
Block 5  00 00 00 00 00 00 00 00 00 00 00 00 00 00 00 00  ................
Block 6  00 00 00 00 00 00 00 00 00 00 00 00 00 00 00 00  ................
Block 7  00 00 00 00 00 00 FF 07 80 69 FF FF FF FF FF FF  ......ÿ.?iÿÿÿÿÿÿ
------------------------Sector 2-------------------------
Block 8  00 00 00 00 00 00 00 00 00 00 00 00 00 00 00 00  ................
Block 9  00 00 00 00 00 00 00 00 00 00 00 00 00 00 00 00  ................
Block 10 00 00 00 00 00 00 00 00 00 00 00 00 00 00 00 00  ................
Block 11 00 00 00 00 00 00 FF 07 80 69 FF FF FF FF FF FF  ......ÿ.?iÿÿÿÿÿÿ
------------------------Sector 3-------------------------
Block 12 00 00 00 00 00 00 00 00 00 00 00 00 00 00 00 00  ................
Block 13 00 00 00 00 00 00 00 00 00 00 00 00 00 00 00 00  ................
Block 14 00 00 00 00 00 00 00 00 00 00 00 00 00 00 00 00  ................
Block 15 00 00 00 00 00 00 FF 07 80 69 FF FF FF FF FF FF  ......ÿ.?iÿÿÿÿÿÿ
------------------------Sector 4-------------------------
Block 16 00 00 00 00 00 00 00 00 00 00 00 00 00 00 00 00  ................
Block 17 00 00 00 00 00 00 00 00 00 00 00 00 00 00 00 00  ................
Block 18 00 00 00 00 00 00 00 00 00 00 00 00 00 00 00 00  ................
Block 19 00 00 00 00 00 00 FF 07 80 69 FF FF FF FF FF FF  ......ÿ.?iÿÿÿÿÿÿ
------------------------Sector 5-------------------------
Block 20 00 00 00 00 00 00 00 00 00 00 00 00 00 00 00 00  ................
Block 21 00 00 00 00 00 00 00 00 00 00 00 00 00 00 00 00  ................
Block 22 00 00 00 00 00 00 00 00 00 00 00 00 00 00 00 00  ................
Block 23 00 00 00 00 00 00 FF 07 80 69 FF FF FF FF FF FF  ......ÿ.?iÿÿÿÿÿÿ
------------------------Sector 6-------------------------
Block 24 00 00 00 00 00 00 00 00 00 00 00 00 00 00 00 00  ................
Block 25 00 00 00 00 00 00 00 00 00 00 00 00 00 00 00 00  ................
Block 26 00 00 00 00 00 00 00 00 00 00 00 00 00 00 00 00  ................
Block 27 00 00 00 00 00 00 FF 07 80 69 FF FF FF FF FF FF  ......ÿ.?iÿÿÿÿÿÿ
------------------------Sector 7-------------------------
Block 28 00 00 00 00 00 00 00 00 00 00 00 00 00 00 00 00  ................
Block 29 00 00 00 00 00 00 00 00 00 00 00 00 00 00 00 00  ................
Block 30 00 00 00 00 00 00 00 00 00 00 00 00 00 00 00 00  ................
Block 31 00 00 00 00 00 00 FF 07 80 69 FF FF FF FF FF FF  ......ÿ.?iÿÿÿÿÿÿ
------------------------Sector 8-------------------------
Block 32 00 00 00 00 00 00 00 00 00 00 00 00 00 00 00 00  ................
Block 33 00 00 00 00 00 00 00 00 00 00 00 00 00 00 00 00  ................
Block 34 00 00 00 00 00 00 00 00 00 00 00 00 00 00 00 00  ................
Block 35 00 00 00 00 00 00 FF 07 80 69 FF FF FF FF FF FF  ......ÿ.?iÿÿÿÿÿÿ
------------------------Sector 9-------------------------
Block 36 00 00 00 00 00 00 00 00 00 00 00 00 00 00 00 00  ................
Block 37 00 00 00 00 00 00 00 00 00 00 00 00 00 00 00 00  ................
Block 38 00 00 00 00 00 00 00 00 00 00 00 00 00 00 00 00  ................
Block 39 00 00 00 00 00 00 FF 07 80 69 FF FF FF FF FF FF  ......ÿ.?iÿÿÿÿÿÿ
------------------------Sector 10-------------------------
Block 40 00 00 00 00 00 00 00 00 00 00 00 00 00 00 00 00  ................
Block 41 00 00 00 00 00 00 00 00 00 00 00 00 00 00 00 00  ................
Block 42 00 00 00 00 00 00 00 00 00 00 00 00 00 00 00 00  ................
Block 43 00 00 00 00 00 00 FF 07 80 69 FF FF FF FF FF FF  ......ÿ.?iÿÿÿÿÿÿ
------------------------Sector 11-------------------------
Block 44 00 00 00 00 00 00 00 00 00 00 00 00 00 00 00 00  ................
Block 45 00 00 00 00 00 00 00 00 00 00 00 00 00 00 00 00  ................
Block 46 00 00 00 00 00 00 00 00 00 00 00 00 00 00 00 00  ................
Block 47 00 00 00 00 00 00 FF 07 80 69 FF FF FF FF FF FF  ......ÿ.?iÿÿÿÿÿÿ
------------------------Sector 12-------------------------
Block 48 00 00 00 00 00 00 00 00 00 00 00 00 00 00 00 00  ................
Block 49 00 00 00 00 00 00 00 00 00 00 00 00 00 00 00 00  ................
Block 50 00 00 00 00 00 00 00 00 00 00 00 00 00 00 00 00  ................
Block 51 00 00 00 00 00 00 FF 07 80 69 FF FF FF FF FF FF  ......ÿ.?iÿÿÿÿÿÿ
------------------------Sector 13-------------------------
Block 52 00 00 00 00 00 00 00 00 00 00 00 00 00 00 00 00  ................
Block 53 00 00 00 00 00 00 00 00 00 00 00 00 00 00 00 00  ................
Block 54 00 00 00 00 00 00 00 00 00 00 00 00 00 00 00 00  ................
Block 55 00 00 00 00 00 00 FF 07 80 69 FF FF FF FF FF FF  ......ÿ.?iÿÿÿÿÿÿ
------------------------Sector 14-------------------------
Block 56 00 00 00 00 00 00 00 00 00 00 00 00 00 00 00 00  ................
Block 57 00 00 00 00 00 00 00 00 00 00 00 00 00 00 00 00  ................
Block 58 00 00 00 00 00 00 00 00 00 00 00 00 00 00 00 00  ................
Block 59 00 00 00 00 00 00 FF 07 80 69 FF FF FF FF FF FF  ......ÿ.?iÿÿÿÿÿÿ
------------------------Sector 15-------------------------
Block 60 00 00 00 00 00 00 00 00 00 00 00 00 00 00 00 00  ................
Block 61 00 00 00 00 00 00 00 00 00 00 00 00 00 00 00 00  ................
Block 62 00 00 00 00 00 00 00 00 00 00 00 00 00 00 00 00  ................
Block 63 00 00 00 00 00 00 FF 07 80 69 FF FF FF FF FF FF  ......ÿ.?iÿÿÿÿÿÿ
[---------------------------End of Memory Dump---------------------------]